VAE loss in 21 generated RIRs
MSE: 0.0010848167515914177
MSE_50ms: 0.00532994100025722
