AE loss in 21 generated RIRs
MSE: 0.0010739888322340058
MSE_50ms: 0.005285360451255526
