ResAE loss in 21 generated RIRs
MSE: 0.00786729666980959
MSE_50ms: 0.035984961759476436
